2.682496337890625000e+02
2.701456909179687500e+02
2.722378540039062500e+02
2.796101989746093750e+02
2.824429016113281250e+02
2.860836486816406250e+02
2.895894775390625000e+02
2.874198913574218750e+02
2.823233947753906250e+02
2.801461791992187500e+02
2.751691894531250000e+02
2.721253051757812500e+02
2.701695251464843750e+02
2.650169067382812500e+02
2.684960021972656250e+02
2.795635986328125000e+02
2.817951049804687500e+02
2.862469787597656250e+02
2.926985168457031250e+02
2.876447143554687500e+02
2.844191589355468750e+02
2.792387695312500000e+02
2.719358215332031250e+02
2.640483703613281250e+02
2.680418701171875000e+02
2.718523559570312500e+02
2.728251342773437500e+02
2.774720153808593750e+02
2.836971435546875000e+02
2.868186035156250000e+02
2.910876464843750000e+02
2.891981811523437500e+02
2.830863952636718750e+02
2.738307495117187500e+02
2.704010925292968750e+02
2.627377014160156250e+02
2.628603820800781250e+02
2.667318725585937500e+02
2.705741882324218750e+02
2.749181213378906250e+02
2.835823669433593750e+02
2.837898254394531250e+02
2.923268127441406250e+02
2.881516418457031250e+02
2.839197082519531250e+02
2.771755981445312500e+02
2.752361450195312500e+02
2.720022277832031250e+02
2.642389221191406250e+02
2.668710632324218750e+02
2.712775268554687500e+02
2.767344055175781250e+02
2.828094482421875000e+02
2.852773437500000000e+02
2.892499694824218750e+02
2.887566833496093750e+02
2.848052062988281250e+02
2.783649291992187500e+02
2.727222595214843750e+02
2.718879089355468750e+02
2.710302124023437500e+02
2.656195678710937500e+02
2.661001281738281250e+02
2.768222351074218750e+02
2.826150512695312500e+02
2.861872863769531250e+02
2.907426147460937500e+02
2.887618408203125000e+02
2.848554382324218750e+02
2.792032470703125000e+02
2.759764404296875000e+02
2.691062011718750000e+02
2.661046142578125000e+02
2.614223632812500000e+02
2.659862670898437500e+02
2.771550292968750000e+02
2.833722534179687500e+02
2.876560974121093750e+02
2.896251831054687500e+02
2.897238159179687500e+02
2.852680664062500000e+02
2.798310241699218750e+02
2.745363159179687500e+02
2.753190307617187500e+02
2.699364624023437500e+02
2.606911010742187500e+02
2.756014099121093750e+02
2.771584777832031250e+02
2.834864196777343750e+02
2.862420043945312500e+02
2.891807556152343750e+02
2.900563354492187500e+02
2.843652343750000000e+02
2.801629638671875000e+02
2.723167724609375000e+02
2.737868347167968750e+02
2.710433959960937500e+02
2.725017395019531250e+02
2.727100524902343750e+02
2.786946716308593750e+02
2.827059936523437500e+02
2.868480834960937500e+02
2.899687194824218750e+02
2.883883056640625000e+02
2.832195434570312500e+02
2.812134399414062500e+02
2.756806640625000000e+02
2.720115356445312500e+02
2.691112976074218750e+02
2.685673217773437500e+02
2.709133911132812500e+02
2.765929870605468750e+02
2.842338867187500000e+02
2.870569152832031250e+02
2.901770935058593750e+02
2.891139221191406250e+02
2.862003479003906250e+02
2.773851318359375000e+02
2.748957519531250000e+02
2.674603881835937500e+02
2.601890869140625000e+02
2.637745056152343750e+02
2.696373291015625000e+02
2.782410888671875000e+02
2.850374145507812500e+02
2.873006896972656250e+02
2.956989440917968750e+02
2.916279602050781250e+02
2.846595153808593750e+02
2.778526306152343750e+02
2.730687866210937500e+02
2.641440124511718750e+02
2.669980468750000000e+02
2.608674316406250000e+02
2.700133056640625000e+02
2.773362121582031250e+02
2.829415588378906250e+02
2.892669982910156250e+02
2.940077819824218750e+02
2.896386108398437500e+02
2.855090637207031250e+02
2.803663024902343750e+02
2.761764526367187500e+02
2.744909973144531250e+02
2.668364562988281250e+02
2.616909179687500000e+02
2.710747375488281250e+02
2.768383483886718750e+02
2.834431152343750000e+02
2.855859985351562500e+02
2.891269226074218750e+02
2.878253784179687500e+02
2.853963928222656250e+02
2.784910888671875000e+02
2.752176513671875000e+02
2.647061157226562500e+02
2.664392395019531250e+02
2.696671447753906250e+02
2.649519042968750000e+02
2.761528320312500000e+02
2.865656127929687500e+02
2.915163269042968750e+02
2.910953063964843750e+02
2.903945922851562500e+02
2.845760803222656250e+02
2.796963500976562500e+02
2.768657836914062500e+02
2.735455322265625000e+02
2.653455200195312500e+02
2.721168823242187500e+02
2.743305969238281250e+02
2.783178710937500000e+02
2.848307189941406250e+02
2.869171142578125000e+02
2.931406555175781250e+02
2.908167419433593750e+02
2.854571228027343750e+02
2.777032165527343750e+02
2.731858825683593750e+02
2.715666503906250000e+02
2.695302734375000000e+02
2.717371520996093750e+02
2.747357788085937500e+02
2.774612731933593750e+02
2.835468750000000000e+02
2.878740844726562500e+02
2.891412658691406250e+02
2.898140869140625000e+02
2.859663085937500000e+02
2.780467834472656250e+02
2.757079772949218750e+02
2.745665588378906250e+02
2.616532592773437500e+02
2.725646972656250000e+02
2.731428833007812500e+02
2.785260925292968750e+02
2.864030151367187500e+02
2.888667297363281250e+02
2.914826660156250000e+02
2.895941772460937500e+02
2.854739685058593750e+02
2.776096801757812500e+02
2.711724548339843750e+02
2.717428588867187500e+02
2.688010864257812500e+02
2.688552246093750000e+02
2.735846252441406250e+02
2.752611694335937500e+02
2.814149475097656250e+02
2.859612731933593750e+02
2.889295349121093750e+02
2.896849365234375000e+02
2.848517150878906250e+02
2.782420349121093750e+02
2.748279724121093750e+02
2.729083557128906250e+02
2.698712158203125000e+02
2.646884155273437500e+02
2.677983398437500000e+02
2.781085205078125000e+02
2.866733093261718750e+02
2.882611389160156250e+02
2.930126647949218750e+02
2.913303222656250000e+02
2.868684692382812500e+02
2.798301086425781250e+02
2.754793701171875000e+02
2.695272521972656250e+02
2.659994812011718750e+02
2.717671203613281250e+02
2.722164611816406250e+02
2.789125671386718750e+02
2.841107177734375000e+02
2.905676879882812500e+02
2.890330200195312500e+02
2.889929504394531250e+02
2.844877319335937500e+02
2.786155395507812500e+02
2.743301696777343750e+02
2.742420043945312500e+02
2.741701660156250000e+02
2.732187194824218750e+02
2.745483398437500000e+02
2.766836547851562500e+02
2.819929504394531250e+02
2.910752258300781250e+02
2.899434509277343750e+02
2.895045471191406250e+02
2.864196472167968750e+02
2.814419250488281250e+02
2.765874023437500000e+02
2.716624145507812500e+02
2.674106140136718750e+02
2.631716308593750000e+02
2.711014709472656250e+02
2.776913146972656250e+02
2.839032592773437500e+02
2.928411865234375000e+02
2.948642883300781250e+02
2.892358093261718750e+02
2.827095336914062500e+02
2.802811889648437500e+02
2.749314575195312500e+02
2.657474060058593750e+02
2.681156311035156250e+02
2.708380737304687500e+02
2.708842163085937500e+02
2.764103698730468750e+02
2.823158874511718750e+02
2.895859069824218750e+02
2.918334655761718750e+02
2.922861633300781250e+02
2.828123168945312500e+02
2.804384155273437500e+02
2.733323974609375000e+02
2.694722595214843750e+02
